000000 0
000001 0
000010 0
000011 1
000100 0
000101 0
000110 0
000111 1
001000 0
001001 0
001010 0
001011 1
001100 1
001101 1
001110 1
001111 1
010000 0
010001 0
010010 0
010011 1
010100 0
010101 0
010110 0
010111 1
011000 0
011001 0
011010 0
011011 1
011100 1
011101 1
011110 1
011111 1
100000 0
100001 0
100010 0
100011 1
100100 0
100101 0
100110 0
100111 1
101000 0
101001 0
101010 0
101011 1
101100 1
101101 1
101110 1
101111 1
110000 1
110001 1
110010 1
110011 1
110100 1
110101 1
110110 1
110111 1
111000 1
111001 1
111010 1
111011 1
111100 1
111101 1
111110 1
111111 1