# x1.x4 + x2.x5 + x3.x6        
x1 x2 x3 x4 x5 x6
0  0  0  0  0  0   0
0  0  0  0  0  1   0
0  0  0  0  1  0   0
0  0  0  0  1  1   0
0  0  0  1  0  0   0
0  0  0  1  0  1   0
0  0  0  1  1  0   0
0  0  0  1  1  1   0
0  0  1  0  0  0   0
0  0  1  0  0  1   1
0  0  1  0  1  0   0
0  0  1  0  1  1   1
0  0  1  1  0  0   0
0  0  1  1  0  1   1
0  0  1  1  1  0   0
0  0  1  1  1  1   1
0  1  0  0  0  0   0
0  1  0  0  0  1   0
0  1  0  0  1  0   1
0  1  0  0  1  1   1
0  1  0  1  0  0   0
0  1  0  1  0  1   0
0  1  0  1  1  0   1
0  1  0  1  1  1   1
0  1  1  0  0  0   0
0  1  1  0  0  1   1
0  1  1  0  1  0   1
0  1  1  0  1  1   1
0  1  1  1  0  0   0
0  1  1  1  0  1   1
0  1  1  1  1  0   1
0  1  1  1  1  1   1
1  0  0  0  0  0   0
1  0  0  0  0  1   0
1  0  0  0  1  0   0
1  0  0  0  1  1   0
1  0  0  1  0  0   1
1  0  0  1  0  1   1
1  0  0  1  1  0   1
1  0  0  1  1  1   1
1  0  1  0  0  0   0
1  0  1  0  0  1   1
1  0  1  0  1  0   0
1  0  1  0  1  1   1
1  0  1  1  0  0   1
1  0  1  1  0  1   1
1  0  1  1  1  0   1
1  0  1  1  1  1   1
1  1  0  0  0  0   0
1  1  0  0  0  1   0
1  1  0  0  1  0   1
1  1  0  0  1  1   1
1  1  0  1  0  0   1
1  1  0  1  0  1   1
1  1  0  1  1  0   1
1  1  0  1  1  1   1
1  1  1  0  0  0   0
1  1  1  0  0  1   1
1  1  1  0  1  0   1
1  1  1  0  1  1   1
1  1  1  1  0  0   1
1  1  1  1  0  1   1
1  1  1  1  1  0   1
1  1  1  1  1  1   1